5.717538330372830657e+00 1.648964835569078247e+00 7.391867590049749026e+00 -8.796392890505790874e+00 -9.713371575637687272e+00 1.972749510165414222e+00 4.027467332055644889e+00 -2.489197541747425468e+00 5.488111708618408358e-01 7.732093083164841119e+00
-9.546240957127098525e+00 -3.780670889987187699e+00 1.014025478612168740e+00 7.764948931899279927e+00 4.741818166740401352e+00 5.392101060762952258e+00 -9.865049351343158079e+00 -1.376870683345995161e+00 4.054601731478017612e+00 7.680676066942332625e+00
-3.560949132133634620e+00 2.349567601337906098e+00 -3.370836139154082645e+00 -5.602066504482515086e+00 1.901707116424869781e+00 -9.596462810072043936e-01 -7.698494249002378886e+00 -9.905891822673751790e+00 9.202690859041862126e+00 2.046848422874916196e-01
1.540720258457554337e+00 -9.010672563731688456e+00 3.579775962244905685e+00 -4.032596214696209103e-01 -4.844377534895101256e+00 -2.310288951665531165e+00 -9.895311724412056975e+00 7.524140719130905097e+00 -8.476670106226871226e+00 -2.771740069744408785e+00
4.071742984289716816e+00 -7.698277379982911839e-01 1.108318404121762413e+00 -4.362853417477328577e+00 3.332455991094846581e+00 -9.149532214760263571e+00 8.688143039781056842e+00 -9.448029821740355771e-02 3.619883272856814216e+00 -7.572290817609701463e-01
-7.174632344032705333e+00 -3.465705389919852664e+00 8.929467516121530224e+00 -2.327728266196221085e+00 -9.596147320183757046e+00 2.989322349428713110e+00 1.263025167716131492e+00 -1.718781915007195238e+00 -2.195287426589633384e+00 9.100485952829824754e+00
7.890278794071100776e+00 -8.805103735557402445e+00 5.119514804878836145e+00 -8.386883962502542644e+00 -1.326074690867294237e+00 5.345618677792348450e+00 -2.501200782976793491e+00 7.132127475393865268e+00 7.828036192155320094e+00 -9.258511810775067019e+00
5.698136828904445395e-01 4.224933521319529817e+00 -7.451623281817765232e+00 -7.593640556522302631e+00 3.226405044425604274e-01 4.262628163356440680e+00 8.534261519103662152e+00 1.744213085469226598e+00 -1.540867777012021378e+00 5.802431809548629360e+00
-5.672097474082149482e+00 9.703436117657009419e+00 8.099431645762123821e+00 -6.880779306452271982e+00 -7.189583173050397846e+00 -7.693473007651466133e+00 -3.797154402098358972e+00 7.578454099178451031e-01 -5.322185463833191577e+00 -3.559912631081232348e+00
4.040872880242975640e+00 -7.376974021319404606e+00 7.200910805959015448e+00 8.657939421274491565e+00 -7.614845078123702038e+00 8.684670361774568192e+00 -8.781810522864585522e+00 1.652641542679553766e+00 8.501083095333406447e+00 -7.701021139219104583e+00
-9.193810760023286122e+00 -2.982417231471350405e+00 3.897382335232077111e+00 6.544569019464930193e+00 -8.020262813106583621e+00 8.190993108974964798e+00 8.003942072442814748e+00 -2.145708105845736569e+00 8.403669033813855549e+00 -9.642374988957344684e+00
-7.739360935656338647e+00 -6.084348870206812698e+00 4.633450954614115602e+00 8.275464428087328628e+00 8.200346446980312010e+00 1.737957773689057461e+00 8.366560349402391239e+00 -9.533466247189377185e+00 3.583845518849217981e+00 9.649471620713782727e+00
-9.058746856088637500e+00 7.837801527076727837e+00 -8.592081684963080335e+00 3.264816190563930576e-01 7.597804471095933820e+00 2.231237604644146444e+00 9.552384562781067956e+00 9.758734641279126265e+00 -1.156908418811875450e+00 -5.668705454074642880e+00
2.720957048811827761e+00 2.138777420933541507e+00 7.701238811869590251e+00 2.550293348787546321e+00 1.424445563994520825e-01 -9.779214427613254657e+00 9.345203256775310052e+00 3.510996493223320414e+00 -9.369057718453372985e+00 -5.638529390571578759e+00
8.356238405207840003e+00 -9.145086933442073018e+00 -9.781302992201467816e+00 -3.619369059421890356e+00 9.182116133616144538e+00 -6.028595103542975231e+00 -8.718330332259679238e+00 -8.056523885782667094e+00 -1.123261795002072461e+00 -9.727881143282324672e+00
9.043193077166467475e+00 -3.227706619388756693e+00 -5.013265302129752854e+00 -1.290364621954919855e+00 -3.352143664381270760e+00 8.851504114487163122e+00 9.959110376923028696e+00 8.557397093237611330e+00 -8.294448231722586939e+00 3.995872899372896470e+00
-1.683140562035061905e+00 4.164095238792899778e+00 3.895774459990075655e-01 -1.165096153478389240e+00 -9.136423228851072054e+00 9.763642909395759517e+00 -5.949410474783782377e+00 4.104502017658493429e+00 -8.514759082677073820e+00 -5.008738356317071094e+00
1.956830036897008185e+00 4.451729697525783180e+00 -7.380051522539508468e+00 9.897109117947916701e+00 -2.890379174064179324e+00 -1.940731657170974955e+00 -4.601767587915195357e+00 -2.779068911816617415e+00 7.919789477186736093e+00 -8.831932486041573327e+00
7.227553458971158307e+00 -4.261987587724433979e-01 1.884704634927425460e+00 8.086715168489334360e+00 9.417564692341340304e+00 9.185945090094925547e+00 -9.905028431650517717e+00 -9.374376441536178106e+00 7.662142637034499160e-01 -2.937788647472596715e+00
2.992012173742949699e+00 -2.975252231852579143e+00 -8.906289723267411418e+00 -6.793968245109844872e+00 9.999949575335428165e+00 2.353688749918648071e+00 7.676948058408644471e+00 9.606031252883205696e+00 -8.009871136301624617e+00 1.015015203251488529e+00
-4.387366412574023045e+00 -5.504336290675848176e+00 7.713408969295379336e+00 -5.805900267469398912e+00 -9.549777767544684437e+00 7.813091816182506477e+00 9.556558756216350758e+00 -2.414795829369627000e-01 7.497958480239500290e+00 9.842301090419496745e+00
5.296158859008549769e+00 9.809064845442101443e+00 3.382505753840526097e+00 6.083262248331770650e+00 -9.272430710113770402e+00 8.572917788971970765e+00 5.982835429373976055e+00 -3.599620551842197536e+00 -8.993246392291329272e+00 9.316493768128722763e+00
-3.826908802411801425e+00 7.574904316832139273e+00 3.697899040167396123e+00 1.464476729082717199e+00 7.859027481930986880e-01 -5.053397921728102204e-01 -4.893776669708760352e+00 -5.862172977147668718e+00 -9.823652877561169561e+00 -8.854130342294844525e+00
-7.633160601396746792e+00 2.613199034705218082e+00 9.467863197802245168e+00 -8.722186552508304658e+00 7.829655740214455761e+00 9.240349653722887524e+00 -3.184011594570261394e+00 5.348987082332079979e+00 9.018763610151982135e+00 -6.349184187807022539e+00
4.608286928944270500e+00 -9.621805334896066597e+00 -5.820248251334312783e+00 -5.232097873449612635e+00 -9.030436381504745924e+00 9.882154701504262562e+00 -2.261131826491009633e-01 1.783339012572533022e+00 8.898760538033954504e+00 -8.859200917101354378e+00
9.320336916762293811e+00 -8.230197156426193317e+00 6.636880949320236311e-01 7.946384031761276390e+00 -5.892312839807029690e+00 9.194681696422634332e+00 -8.324574293653812518e+00 6.422077743376419789e-01 -7.993762384254488040e+00 3.136517892626075721e+00
-9.684791891404051611e+00 8.937818199774504535e+00 -8.142813087054276977e+00 -2.049791193367822117e+00 -7.037585964352830459e+00 9.564346120151668629e+00 3.658414518758142719e+00 6.384955768390558006e+00 -4.657976929502815722e+00 -7.925567876953492075e+00
-3.009163631328863886e-01 5.315830089216406762e+00 9.581956866462206790e-01 -8.437061438161634896e+00 -5.534788166588073821e+00 3.259727728688101678e+00 1.721011174105960606e+00 -4.291861352417845055e+00 2.099597399711150558e-02 -7.223823174152723681e+00
-5.500602712578235298e-01 -5.510087326199817781e+00 -5.981305195866855051e+00 9.941140136271847894e+00 -5.714355677135474210e+00 -6.516452597567107929e+00 5.392752020642790356e+00 1.566947259422358130e+00 -8.350388111584539530e+00 -2.257273403410131607e-01
4.198286106040969301e+00 3.968124991398696011e+00 -3.603295096198674941e+00 5.627732753667260113e+00 -2.104901662804929963e+00 -4.527495801052163316e+00 -8.669213476055869450e+00 9.927314523847844185e+00 -8.492734966746510850e+00 -3.340383350872285106e+00
8.999912919276791712e+00 -8.662321231682012623e+00 5.540823919219208804e+00 -6.567117893297995224e+00 -6.833899392786642046e+00 -9.383686526077667622e+00 6.289753484752086621e+00 8.729303229723441859e-01 -1.219442770945871501e+00 -9.298220425472978334e+00
-2.739726397633049260e+00 3.775043399248010800e+00 1.323727228271367906e+00 -9.890251073669025672e+00 8.548970904432394491e+00 9.945563548913863627e+00 -4.067801250114766454e+00 8.838682565630229249e+00 9.899637764809490648e+00 -1.169088810599392403e+00
7.322601060971528852e+00 9.334104259395385128e+00 -3.652526467380814879e+00 -5.334892309983478853e+00 -4.982589344550405031e+00 2.133119299304635064e+00 6.721641709200156356e+00 -5.933439900320203186e+00 -7.035262196708287341e+00 2.393360789552696488e+00
-2.211746245702679303e+00 2.287130810247850476e+00 -7.430598670210713408e+00 5.836203961216625657e+00 6.116526742420330010e+00 9.349481044871009061e+00 6.785357892149836090e+00 -6.223463761749585821e+00 -3.992201136353124014e-02 -8.314128214552562568e+00
5.936939976391288454e+00 9.405007754929176400e+00 -2.815457841618989043e+00 2.598691004131959303e+00 -9.409554501532195303e+00 -6.654761049486170421e+00 -9.487744703814335878e+00 5.494753779936509375e+00 9.924691279551996814e+00 -1.184849505111804646e+00
6.945025327876912513e+00 -6.638358861158550894e+00 -2.889068418593614851e+00 -3.846919438164579930e-01 4.279041273523205291e+00 -1.422817283009713663e+00 9.665085124876423350e+00 -7.718002603422857710e+00 -9.230560348008348015e+00 8.582726467698812201e+00
6.583668952362611293e+00 4.068979552816804457e+00 8.329528983040471957e+00 -7.498112012973574991e+00 3.081525376504119507e+00 2.582578590595137058e+00 -5.407010753749085907e+00 -9.569445635355634749e+00 9.250759664833136497e+00 -6.663614413020915173e+00
7.854337472730126279e-01 -8.256328389954997959e+00 8.767085665575702791e+00 -5.753026539262309669e+00 -8.485517924251414712e+00 6.860277425628353853e+00 8.662479667893979496e+00 5.461577220113738917e+00 9.854199966088739160e-01 3.066259239778929668e+00
-9.919668477615562807e+00 -6.392468039006208969e+00 8.585399137403047831e+00 4.456177223882226812e+00 5.411057735623142406e+00 -7.788885055444305650e+00 9.267247985025555579e+00 -7.146703062676397877e+00 -2.224788821430225383e+00 -7.679562421064398237e+00
3.368473846873236255e+00 -8.237921809148291530e+00 5.832840154552897616e+00 5.027578370622293846e+00 -3.245634622650150902e-01 -4.633069373127427504e+00 -3.538353974323820594e+00 6.952943995561458479e+00 -4.169666908287112506e+00 1.927695268454304056e+00
5.328259075804757217e+00 -2.808780894413076545e+00 -1.265985118767236628e-01 -9.649505535082914420e+00 8.340912421310566316e+00 -7.794339269757609046e+00 -7.774770449506576142e+00 5.119326874107503755e+00 7.282718175110218795e-01 -9.519319806298797815e+00
-2.339436442938978011e+00 -1.058161912265376259e+00 2.984497134401117080e+00 -7.855542708121556750e+00 9.446599959979383954e+00 3.578345181374764650e-01 -6.090035754028704673e+00 9.557218774282318918e+00 -3.806143794805003644e+00 9.562332720419007615e+00
-7.000064674232088890e+00 2.247835259208951442e+00 7.144562404703883374e+00 8.178676158584234912e-01 8.478534950368455725e+00 -9.697262605206297792e+00 2.076015650233031806e+00 6.458737026559180805e+00 -5.033096329208206043e+00 5.381325137211751652e+00
-5.022326585694454337e+00 -2.366177121989401222e+00 -6.695647857891384724e+00 -4.209244380141790032e-01 3.457776625674025439e+00 5.813818274568481215e+00 2.478373321252078654e+00 8.975202831846800677e+00 9.963851206541477268e+00 5.429290424617459365e+00
9.773176536886523991e+00 -4.661421039300812197e+00 -8.471913911836701061e+00 1.880871973527851182e+00 5.973937460021057078e+00 -8.847641515459233830e+00 -1.222188800932249464e+00 2.215809534823270255e+00 6.414247552581052503e+00 -8.071693316936245921e+00
2.980473258477587706e+00 5.878290288422117982e+00 -9.901059569543814831e+00 -5.749300921250632967e+00 9.541668599254606420e+00 2.043394852249338811e+00 -4.674008027512202013e+00 -8.175706213371420006e+00 -8.089372590610919289e+00 8.175373378420218273e+00
8.078675524493387883e+00 7.225332956745695867e+00 -3.905566453005848260e+00 -7.015170170272043038e+00 -3.891468621940439299e+00 -9.392256611566189406e+00 -2.291304130631108826e+00 -9.814158775714327376e+00 6.728836469301597845e+00 9.210059737167554772e+00
-1.443986854077889959e+00 1.774994944994727319e+00 -3.074179227389619129e+00 -1.699502645705814885e+00 -4.018315166566508445e+00 -8.423599411124392589e+00 6.431222829418224762e+00 7.170487105054721866e+00 6.908868233085758703e+00 -5.723660717033554057e+00
2.937186497656917084e+00 3.242455213207790621e+00 8.729681479392915833e+00 -8.698124302524433915e+00 -2.188472594753639200e+00 -8.070566127219418462e-01 8.151712024926290212e+00 -9.768747248164807218e+00 -8.289386774255973478e+00 -9.693057835909266728e+00
-1.412263872778714457e+00 6.812598487604333286e+00 6.996240968219641587e+00 8.083451178054851027e+00 1.562770108434506255e+00 9.151679639956824985e+00 4.329809042673687713e+00 2.944281402784728385e+00 -6.134078613215696585e+00 -7.254584100493312704e+00
