-8.547308613612933925e-01
9.913638863344445440e+00
-9.629485389311895460e+00
2.258207379228451828e-01
9.140201837970575838e+00
9.939835669851849076e+00
9.456920226123735063e+00
6.656317229456671924e-01
6.160930290042408330e+00
-3.361586351384651117e+00
-3.474462198367589849e+00
-6.392404239885456363e+00
4.312566752310456053e+00
1.744848326290275864e+00
7.010665620742248194e+00
-6.283978164728011961e+00
-8.880349692464745814e+00
6.929457838075080645e+00
-5.150930002410629704e+00
-2.190178081643454178e+00
-7.954458675771802767e+00
1.573335104884435509e+00
-6.051433133116661978e+00
4.310125026772057666e+00
-4.232040460361936596e-01
-9.819909580073014510e+00
1.080536162952334678e-01
-4.938516014606939564e+00
5.128202057363429489e+00
-8.270231287778642582e+00
-6.788765618383365563e-01
-9.801686219034561276e+00
2.698077629697108293e+00
8.826976053575052106e+00
-6.082422415909086055e+00
9.577954031927959022e+00
-7.408462375333484395e+00
1.159845550985778573e-01
-5.526300857878993611e+00
-5.801739080366292711e-01
-6.506601401033369925e+00
-7.358640903951105372e+00
2.887383433863888627e+00
-5.605319938549064851e+00
6.465367874027233341e+00
4.319597834066019715e+00
8.412729663720316609e+00
-6.113941398737914312e+00
-2.251859666727349385e+00
7.106216242751120404e+00
