5.156432091106863069e+00 9.126179528720770762e+00 2.200556745484426813e+00 9.346363858326242280e+00 2.508171724071456055e+00 3.331415356385403204e-01 9.343826967978831277e+00 8.264034662473013881e+00 8.462863212549258662e+00 8.611998684623922706e-01
4.327820600545052798e+00 6.271723095856441610e+00 7.508088902310200652e+00 7.668813975565505814e+00 1.215046538840774959e+00 6.552438410577710037e+00 3.290808578045290034e-01 3.861319201436107740e+00 9.277251677039529909e+00 6.068422400486706003e-01
8.679205846548168068e+00 1.663488945066932123e+00 5.454888660811528567e+00 7.835162687895986799e+00 7.912746432475903369e-01 1.130093565971402869e+00 7.220061215720678049e+00 7.558505138395281264e+00 2.093543139884246340e-01 3.941747845797540784e+00
2.718742064698033367e+00 4.824679522155841838e+00 6.673706300167790317e+00 8.004719424160198216e+00 9.136319191345276813e-01 2.029391244783239401e+00 8.197692253872293833e+00 7.790025939723222770e+00 6.901020614680688503e+00 6.340279342985089883e+00
2.434963651291806919e+00 5.772642312734578063e+00 1.805540925647119987e-01 8.809741800008790591e+00 8.904492023541907386e+00 1.140201268988949579e-01 9.849230423084026853e+00 3.402741133634829218e+00 9.792389449142961055e+00 3.945858035928848651e+00
2.194976673374005927e+00 9.564928269575950992e+00 5.456651350035151005e+00 6.949577080472568724e+00 7.436902217768242451e+00 7.755268993936415001e-02 2.879437150908261689e+00 2.881099940052944675e-01 2.336537662401594329e-01 9.421055687801596079e+00
1.581369989792605901e+00 3.369198175947479612e+00 9.784372247770917852e+00 8.251839867163084818e+00 3.887138048718206118e+00 9.777861431720230811e+00 4.989557631180584707e+00 8.575228503243893741e+00 2.223601255660342169e+00 9.814134693880520288e+00
1.810705956757637791e+00 4.106633368001397777e+00 6.125527118370309054e+00 3.893879576712410362e+00 6.897747570693476327e+00 6.264094082426613141e+00 3.619220020248614667e-02 6.203531281909580031e-01 7.272325508236981761e+00 8.673811414124205754e+00
8.558307662483834122e+00 3.813657696312411360e+00 2.701225539652070129e+00 5.030250367527288269e+00 5.284747327493576563e+00 3.640844777059197845e+00 9.417848897807431285e+00 9.297349756084880568e+00 2.673808289599113319e+00 9.626771952811466804e+00
3.672552596753186904e+00 2.430047052556745246e+00 5.102453877906033775e+00 4.491264549759799163e-01 6.949723209297161475e+00 7.641084481970731090e+00 8.542451277000097321e+00 9.475565425810946962e+00 8.859948417763344963e+00 6.975749369190326732e+00
8.734832627645825909e+00 4.173979847116783048e+00 9.437850445914929054e+00 4.255119987024215789e+00 4.587925900183487116e-01 3.267433817061349277e+00 8.006795809561218391e+00 3.961946836536952787e+00 2.436549409649646503e-01 4.124659991466904430e+00
7.108950751249784261e+00 3.930130343844251417e-01 3.427129243034513273e+00 1.517520249693327106e-01 8.053448367033777089e+00 3.896820542107696461e+00 7.944060194774653638e+00 2.587181571955832204e-01 1.007496626919890392e-01 8.431701619487370181e+00
2.571221333514471574e+00 7.344741630178966751e+00 1.789478262935284558e-01 6.433688907566292414e+00 1.093042104206806142e+00 7.949538880401249230e+00 4.104681446068422446e+00 7.642739719676265864e+00 9.752031317691344015e+00 7.715694113394413023e+00
5.639788723368388546e-01 4.023207043627569313e+00 6.044466666768590457e+00 9.937801627459506904e+00 2.671487588752303743e+00 9.681644884988045874e+00 7.548885861928267271e-01 9.391027429421434647e+00 3.966352566641324628e+00 8.608331069050667139e+00
9.155277206565150649e+00 9.260784907414321143e-01 5.874899875737157551e+00 6.380131886462725443e-01 3.860538137746811760e+00 6.382555622793066874e+00 3.443728534643545558e+00 5.299668249906408501e-01 4.696797418643129163e+00 4.106170223037597378e-01
4.922074930843287177e+00 8.012576948834180257e+00 3.617027307563474015e+00 8.148630015711887609e+00 1.736558636768431585e+00 1.058084615975607434e+00 3.904608578537471786e-01 8.749355209763949759e+00 6.734269251666774814e+00 9.073788963210983383e+00
8.702841105173405367e+00 2.543754763450487566e+00 4.361107589647317262e-01 3.150687720206699627e+00 8.606669133148077577e+00 1.612380047846413422e+00 1.224639084709744363e-01 9.271081793680700400e+00 5.160470861504895534e-01 1.168014394490527463e+00
4.830800804218252864e+00 4.054864973938343553e-01 4.104663246848649916e-01 9.438400224829660345e+00 7.772779259063860025e+00 8.868591213617511571e+00 5.040427254071788710e-01 5.554429820474840795e+00 7.777072687783141092e+00 7.811530588425309674e+00
4.370319421872769894e+00 3.826157825074305574e-01 4.512305032919853076e+00 8.880391499861099547e+00 8.962339188936836010e+00 9.117579566061406737e-01 3.977830118389328540e+00 7.351516239090961413e+00 6.231235814836910691e-01 4.824347752712175641e+00
4.631933055160724955e+00 2.953361733769867215e+00 3.165227417836552704e+00 6.992350082109992648e+00 5.017505219477104816e+00 3.859841979209577278e+00 1.285825957263515562e+00 8.280329823677805123e+00 2.862630611487124721e+00 5.150122253693378838e-01
2.745851975365436459e+00 2.039564237425615101e+00 3.779529867608083293e+00 5.994429578807260128e+00 7.529433409009999245e+00 9.487934662216058967e+00 9.223418611925264798e+00 9.116178663399267634e+00 8.755549899279468917e+00 1.195447665063582576e+00
9.178387392516686560e+00 6.302146925622061246e+00 6.119213628869357713e-02 4.759617871018537727e+00 5.981663836719675054e-01 8.909801168943223715e+00 5.445904300849081281e+00 4.285078305182166147e-01 9.824549259484012254e+00 1.191244280266596789e+00
8.265703351366145313e+00 2.877319863979320935e+00 5.038677886167544528e+00 6.374268946135747349e+00 6.145089042149717073e+00 4.395614810165331399e+00 6.897117340625344539e+00 3.379271640656914322e+00 9.404030617835001493e+00 8.518027800295422836e+00
9.257402143351582069e+00 2.239186727864751703e+00 5.608234344122065007e-01 4.700628133800843766e-01 7.259445104650050773e+00 4.256903796319420508e+00 1.308249787078084037e+00 8.633173099595813582e+00 3.619237439721263438e+00 4.312558088294617065e+00
2.464500836183880494e+00 2.757624258545865459e-03 8.840784172203360214e+00 8.249692294147226157e-01 8.132883620600354746e+00 7.050216622199982908e+00 7.360114713867115022e+00 9.010020235523025889e+00 9.940464383595071229e-01 9.820392145219255298e+00
2.816645229929800820e+00 7.008729732619586983e+00 3.661674150183602539e-01 3.210834499688628441e+00 4.287153707746979237e+00 6.352143293704685334e+00 3.951435491082988527e-01 7.606203833877495768e+00 8.481422881206261977e+00 9.576005515399835133e+00
2.146726512463530412e+00 9.766995034897027139e+00 7.183421852353535364e+00 3.234405540663719769e+00 9.375109710686169606e+00 5.584097586923986167e-01 2.062723975421756339e+00 1.000349533468504193e+00 1.685828001588614011e+00 1.555638729986327240e+00
1.989093109242143775e+00 8.455587214107300298e+00 8.787666611061895061e-02 8.062679842984136869e+00 9.135571070577308106e+00 3.442347343353913125e-01 5.694799597521442713e+00 5.288862106551816211e+00 9.250679938601297891e+00 2.390108415547664844e+00
7.661298360017594788e+00 1.427951142441094001e+00 9.732756525330927388e+00 9.096153524901675169e+00 7.399232574814068819e+00 1.029643642631256073e+00 2.331952468340040774e+00 8.262349699962854288e+00 2.385257398376806393e+00 7.106927071890063452e+00
7.878451212084352839e+00 5.910121039424063305e+00 8.525975244711855083e+00 6.382928456342961354e+00 1.610986492949473270e+00 9.528842130876432392e+00 1.693970885032491935e-01 4.969556273499302179e+00 4.831302337431911731e+00 5.208837902219719318e+00
2.945693144107973893e+00 7.768394107730101084e+00 8.913759531144036075e+00 8.165935031453118498e+00 7.824830989346423848e+00 8.312083541865632696e+00 2.826175223952999360e+00 5.859765736846644923e-01 1.079744870145216140e-01 5.092530951585930943e+00
1.108247547498586449e-01 4.001112200287294307e+00 7.319392710597386831e+00 5.011300227332927903e+00 3.372261720397059293e+00 1.024960248115917016e+00 8.585812171061279585e+00 9.160813954367174716e+00 7.893064938427367672e+00 2.131193074402663257e+00
6.652367913698844504e+00 1.023811827175706846e+00 9.768830869168056097e+00 2.112137794045054751e+00 8.419322062995759026e+00 5.175013929349319142e+00 4.103900480033140230e-01 8.523929240604228852e+00 9.681950907541109430e+00 1.857787588960990721e-01
8.722028589963251477e+00 8.974686215650097054e+00 2.919984450537627119e-01 7.089434232456103047e+00 5.197982525687683264e-01 9.503342856728165700e+00 2.391661494317439463e+00 7.470155821951353303e+00 6.285937455403611818e-01 3.252901890466742607e+00
1.761455452443470016e+00 8.814620194140749376e+00 1.159434774566570070e+00 8.294699897983960568e+00 5.136636442727767538e+00 3.673909371544026303e+00 4.016253430851119077e+00 9.744617273566873905e+00 1.741615217306290431e+00 6.442474312647755497e+00
2.454457056165369799e+00 3.325004462771141700e-01 8.931720189947949251e+00 7.898078027570457849e+00 9.366779390502899538e-01 7.558567006206633465e+00 7.824163903381830210e+00 1.280891470044380753e+00 9.769770111448147887e+00 5.833154847023638290e+00
4.824453072131705156e+00 6.463432422470216654e-01 9.728992860154978217e+00 3.588199897815363748e+00 9.061342824373149085e+00 2.807891406271141310e+00 2.207369293095028162e+00 9.019776110433316063e+00 2.343324059699728679e+00 3.018551022324675870e+00
1.043470981289508215e+00 9.494302931314898331e+00 2.894726217585696926e+00 7.840454401078011948e-01 3.218703828386887622e+00 8.408786523046783756e+00 9.829560216177522847e+00 9.427695248923788185e+00 3.216430660070765057e+00 2.271032997051069202e+00
3.321925769278203155e+00 8.601084262841707240e-01 9.240592986680056242e+00 9.405380294371571637e+00 9.030873808610449416e+00 2.460084884009414719e+00 2.884026536177319855e+00 3.356622207769821564e+00 4.861093779242199098e+00 9.999493575563745296e+00
3.068332811270797489e+00 1.101042151998986585e+00 5.919006218360314264e+00 9.778972810269445759e+00 9.961426022402037006e+00 8.087543372594481639e+00 8.848875763134596895e+00 9.251448609024448544e-01 9.215164084075955220e-01 2.504003527470288759e-01
4.568230263769007315e+00 3.029109384897821222e+00 9.673914674834044547e+00 1.761733874972946090e+00 4.780390756288605658e+00 8.455933567720174793e+00 6.714013348272129811e+00 9.549667513265735153e+00 6.601950524426580813e-01 1.714908041076325107e+00
8.338983890561879164e+00 4.268472638321996193e+00 7.778146434543213417e+00 4.890663190054911347e-01 9.331659309178896855e-01 1.374302093476342801e+00 3.260098929093209197e+00 1.368374659546170991e+00 3.596789337678794052e+00 9.382036448234348569e+00
2.058118951288141485e+00 2.763382821289190883e+00 5.711553653965828481e-01 1.689949009160729432e-01 9.039915657743973654e+00 9.741989830944344675e+00 3.927427546856035789e+00 6.170900381092655707e+00 2.683783301427093093e+00 7.164664064737276128e+00
8.976803382302852796e+00 9.431939723723385072e+00 1.724907966529372061e+00 4.525497080167729891e+00 2.922015249955938199e+00 6.053263227749080322e+00 7.658487650574311800e+00 4.301875688986458002e+00 7.093655479541438602e+00 6.980582728020522154e+00
2.759934836029742655e-01 3.819239699996936910e+00 6.698585395266611009e+00 8.206301667473539396e+00 4.670869616572259631e+00 5.857299958865303857e+00 8.184636020304180803e+00 5.987278332357015564e+00 1.954743154065295974e+00 5.900641159798036828e-01
6.390424617208536162e+00 9.641056865993213876e-01 6.948000166239265418e-01 9.460036459440125611e+00 8.342067957629179631e+00 5.062715190363601181e+00 8.165218906364380302e+00 4.214452278464034585e+00 8.929446614651400438e+00 9.325270363603936019e+00
5.735738035850426186e+00 8.826671802564121094e+00 3.056502437264774219e-01 9.195671317318952376e+00 1.284316270892523759e+00 9.974354341061015816e+00 3.924840967297738015e-01 6.521801008984509096e+00 1.627337771123978927e+00 9.305791869291853757e+00
8.560569046985699870e-01 9.864314161506156253e+00 6.179250899910782913e+00 2.377628302013290451e+00 3.602598174291697930e+00 7.267215986179080822e+00 5.196256459472756717e+00 3.201434550772114029e+00 7.991691613284357398e-01 7.014088337028535847e+00
3.416530351269263299e+00 9.483974934397865653e+00 3.333100421802362767e+00 3.404310604279814356e-01 7.916262327482686878e+00 6.353736072660132184e-01 3.394512179354092218e-01 9.629274793388658438e+00 8.844050561811917177e+00 8.968008898074181445e+00
5.723970766579412839e+00 7.452725814540545279e+00 7.957348342386567630e+00 9.954932893206343891e+00 2.088600174607707416e+00 1.926289096438053017e+00 6.826535124308284352e+00 9.570669148786198122e+00 8.772043099344797312e+00 5.830277300533632356e+00
