2.227195826115492494e+00
9.561834445755156509e+00
1.691826097074412560e+00
4.005433253787066050e+00
1.936533939496158929e+00
2.711370436340005963e+00
3.444433809025243320e+00
7.716631874237070754e+00
5.234654409347836435e+00
6.905134662904009346e+00
1.868938021129799010e+00
5.823010005326332283e+00
6.811628539029639384e+00
5.512489454134332334e+00
1.012484373032779272e+00
9.318608129891048364e-02
1.694725584721797906e+00
7.337036746162156398e+00
3.053765872817522098e+00
8.806866415654859281e+00
6.049507121552401223e+00
8.641749514704455848e+00
3.413853681252646766e+00
4.838617456742361433e+00
4.492568734329501545e+00
5.624367538456065407e-01
7.481518462315705165e+00
9.819027273870806205e-01
3.667487659358222629e+00
3.967813496624340353e+00
6.032620852026447267e+00
2.296071451998153989e+00
5.683566760105515314e+00
6.460124312412095726e+00
9.970464516315630021e+00
4.680865723031530479e+00
5.472822547227298884e+00
3.705119405720345149e+00
8.429512725948051788e-01
9.359442006680185333e-01
8.898606829312205591e+00
5.939695494912562879e+00
3.441160570152328457e+00
4.991052216682035692e+00
4.298107511980457041e+00
6.401807585254632116e+00
1.115045055875820701e+00
6.512402649417774469e+00
9.668025417044578518e+00
1.535746261073248631e+00
